version https://git-lfs.github.com/spec/v1
oid sha256:516b3d1259f5da07ec35a88a922f5fb9ed99ca38609fd024e38f5b7a9bbb8f51
size 24226
