version https://git-lfs.github.com/spec/v1
oid sha256:7117d0f2ca0231c6ffdba8b8e71dff2c10a23dd457b001fa48cdf0fa4f5e8d97
size 163033
